on(20 atuo):
Unknown encoding:49CF4045 (32 bits)
Raw (198):6050 7350 550 1700 550 1650 550 1700 550 1650 550 1650 600 1650 550 1650 550 1650 550 550 550 650 550 650 550 550 550 650 550 550 550 550 550 650 550 1650 550 1700 550 1650 550 1650 550 1650 550 1650 650 1650 550 1650 500 600 550 650 550 550 550 650 550 550 550 600 550 650 550 650 550 1650 550 1650 550 1650 550 1650 550 1650 550 1650 550 1650 550 1650 550 550 550 550 550 550 650 550 550 650 550 650 550 550 550 550 550 1650 550 550 550 650 550 1650 550 550 550 1650 550 1650 550 1650 550 550 550 1750 550 1650 550 550 550 1650 550 550 550 550 550 650 550 1650 550 1650 550 550 550 1650 550 1650 550 650 550 1650 550 1650 550 650 550 550 550 1650 550 650 550 550 550 1750 550 550 550 650 450 650 550 1650 550 650 550 1650 550 650 550 1750 550 550 550 650 550 1650 550 650 550 1750 550 550 550 1650 550 650 550 1650 550 1650 550 7350 550

(24 auto):
Unknown encoding: 677516E5 (32 bits)
Raw (198):6050 7300 500 1700 550 1600 550 1650 550 1600 500 1650 600 1600 550 1650 500 1650 500 600 500 650 500 600 550 550 550 600 550 550 550 550 500 650 500 1650 550 1600 600 1600 550 1650 500 1650 550 1600 550 1650 550 1600 550 550 550 600 550 550 550 600 550 550 550 550 550 600 550 550 550 1600 550 1650 550 1600 600 1600 550 1600 550 1650 550 1600 550 1650 500 600 550 550 600 550 550 550 550 550 550 600 500 600 550 550 600 1600 550 550 550 600 550 1600 550 550 600 1600 500 1650 550 1650 550 550 550 1650 550 1600 550 550 600 1600 500 600 550 600 550 550 550 1600 550 1650 500 1650 550 600 500 1650 550 550 550 1650 550 1600 550 600 550 550 550 550 550 1650 550 550 550 1650 550 550 550 550 550 600 500 1650 550 550 550 1650 550 550 550 1650 550 550 550 550 550 1650 550 550 550 1650 550 550 550 1600 600 550 550 1600 550 1650 500 7350 550

(26 low):
Unknown encoding: 5FCE6D01 (32 bits)
Raw (198):6050 7300 550 1650 500 1700 500 1650 550 1600 550 1650 500 1650 550 1650 550 1600 500 650 500 600 550 550 550 550 550 600 550 550 500 650 500 600 550 1600 500 1700 550 1600 550 1600 550 1650 550 1650 550 1600 550 1650 500 600 500 600 550 600 550 550 550 550 550 550 550 600 500 600 550 1650 500 1650 550 1650 550 1600 500 1650 550 1650 550 1650 500 1650 500 600 500 650 500 600 550 550 550 550 600 550 550 600 450 650 500 1650 500 650 500 600 500 1650 500 650 500 600 500 600 550 1650 500 600 500 1700 500 1650 550 550 550 1650 550 1600 550 1650 500 600 500 1650 550 600 500 1650 550 550 550 1650 550 550 550 1650 550 1650 500 600 550 1600 500 650 500 1650 550 600 500 1650 550 550 550 600 500 600 500 1650 550 600 500 1650 550 600 500 1650 550 550 550 600 500 1650 550 550 550 1650 550 550 550 1650 550 550 550 1650 500 1650 500 7350 550

off(20 atuo):
Unknown encoding:A62A9249 (32 bits)
Raw (198):6050 7350 550 1700 550 1650 550 1700 550 1650 550 1650 600 1650 550 1650 650 1650 550 550 550 650 550 650 550 650 550 650 550 550 550 550 550 650 550 1650 550 1650 550 1650 550 1650 550 1650 550 1650 550 1650 550 1650 550 650 550 650 550 650 550 550 550 550 550 600 550 650 550 650 550 1650 550 1750 550 1650 550 1650 550 1650 550 1650 550 1650 650 1650 550 650 550 650 550 550 550 550 550 550 550 650 550 650 550 650 550 1650 550 1650 550 650 550 1650 550 650 550 1650 550 1650 550 1650 550 550 650 550 550 1650 550 650 550 1650 550 550 550 650 550 550 550 1650 650 1650 550 550 550 1650 550 1650 550 650 550 1650 550 1650 650 550 550 550 550 1650 550 550 550 550 550 1750 550 550 550 550 550 650 550 1650 550 650 550 1650 550 550 550 1750 550 550 550 550 550 1650 550 550 550 1650 550 550 550 1650 550 550 550 1650 550 1650 550 7350 550

(24 auto):
Unknown encoding: C3D068E9 (32 bits)
Raw (198):6100 7250 550 1650 550 1650 550 1600 500 1650 550 1650 550 1650 550 1600 500 1650 550 600 500 600 500 650 500 600 550 550 550 550 550 600 550 550 500 1650 550 1650 550 1650 500 1650 500 1650 550 1650 550 1600 550 1650 550 550 500 600 550 600 500 600 550 550 600 550 550 550 500 600 550 1650 550 1600 550 1650 500 1700 500 1650 550 1600 550 1650 500 1650 500 650 500 600 550 550 550 550 600 550 550 550 500 600 550 600 550 1600 550 1650 550 550 500 1700 550 550 550 1600 600 1600 500 1650 550 600 500 600 550 1600 550 600 500 1650 550 550 550 600 550 550 550 1650 500 1650 550 1650 550 550 550 1650 550 550 550 1600 550 1650 500 600 550 550 600 550 550 1600 550 600 550 1600 500 600 600 550 550 550 550 1650 550 550 550 1600 550 600 550 1600 550 600 550 550 550 1600 550 600 550 1600 500 600 600 1600 500 600 550 1650 500 1650 550 7300 600

(26 low):
Unknown encoding: BC29BF05 (32 bits)
Raw (198):6000 7300 600 1600 550 1650 500 1650 550 1600 550 1650 500 1700 500 1650 550 1600 550 600 550 550 550 550 550 600 500 600 500 600 550 600 550 550 550 1650 500 1650 500 1650 550 1650 550 1600 500 1700 500 1650 550 1650 550 550 550 550 550 600 550 550 500 650 500 600 550 550 550 550 550 1650 550 1650 500 1650 550 1600 550 1650 500 1650 500 1700 550 1600 550 550 550 600 550 550 550 600 500 600 500 600 550 550 600 550 550 1600 550 1650 500 600 550 1650 500 600 500 600 550 600 550 1600 500 600 550 600 550 1600 550 600 550 1600 500 1650 550 1650 550 550 550 1650 550 550 550 1650 500 600 550 1650 450 650 500 1650 500 1650 600 550 550 1600 550 600 550 1600 550 550 600 1600 550 550 550 600 550 550 550 1600 550 600 550 1600 550 600 550 1600 550 550 550 600 550 1600 550 600 550 1600 550 550 550 1650 500 600 550 1650 500 1650 550 7300 550

up:
17
C6912219
Unknown encoding:C6912219 (32 bits)
Raw (198):6500 7350 550 1650 550 1650 550 1650 550 1650 550 1650 550 1650 550 1650 550 1650 550 650 550 650 550 550 550 650 550 550 550 550 550 550 550 650 550 1650 550 1650 550 1650 550 1650 550 1650 550 1650 550 1650 550 1750 550 550 550 650 550 650 550 650 550 550 550 650 550 550 550 550 550 1650 550 550 550 1650 550 1650 550 1650 550 1750 550 1650 550 1650 550 650 550 1750 550 550 550 650 550 650 550 650 550 550 650 550 550 1650 550 650 550 550 550 1650 650 550 550 550 550 550 550 1750 550 550 550 1650 550 1650 550 650 550 1650 550 1650 550 1650 550 550 550 550 550 1650 550 1650 550 1650 550 1650 550 650 550 1650 550 1650 550 1650 550 650 550 650 550 650 550 550 650 1650 550 550 550 650 550 550 550 1650 650 550 550 1650 550 650 550 1650 550 650 550 650 550 1650 550 650 550 1650 550 650 550 1750 550 550 550 1650 650 1650 550 7350 550

18
3C5E3EC1
Unknown encoding:3C5E3EC1 (32 bits)
Raw (198):6050 7350 550 1650 550 1750 550 1650 550 1650 550 1650 550 1650 550 1650 550 1650 550 650 550 650 550 650 550 550 550 550 550 550 550 650 550 650 550 1750 550 1650 550 1650 550 1650 550 1650 650 1650 550 1650 550 1650 550 550 550 650 550 650 550 550 550 650 550 550 550 550 550 550 550 1650 550 550 550 1650 550 1650 550 1650 550 1650 550 1650 550 1650 450 650 550 1650 550 650 550 650 550 650 550 550 650 550 550 550 550 1650 550 550 550 550 550 1650 550 550 550 550 550 650 550 1650 550 550 550 1650 550 1650 550 650 550 1650 550 1750 550 1650 550 550 650 1650 550 550 550 1650 650 1650 550 1750 550 550 550 1650 550 1650 550 550 550 1650 550 650 550 650 550 550 550 1650 550 650 550 550 550 550 550 1650 550 550 550 1650 550 650 550 1650 550 650 550 650 550 1650 550 650 550 1750 550 550 550 1650 550 550 550 1650 550 1650 650 7250 550

19
3DE8151D
Unknown encoding3DE8151D (32 bits)
Raw (198):6050 7250 550 1650 550 1650 650 1650 550 1650 550 1650 550 1650 550 1650 550 1650 550 550 650 550 550 550 550 650 550 650 550 650 550 650 550 550 550 1650 550 1650 550 1650 550 1650 550 1650 550 1650 550 1650 550 1650 550 550 550 550 550 650 550 550 550 650 550 650 550 650 550 550 550 1650 550 650 550 1650 550 1650 550 1650 550 1650 550 1650 550 1650 550 550 550 1650 550 550 550 550 550 650 550 550 550 650 550 650 550 1650 550 550 550 650 550 1650 550 550 550 650 550 650 550 1650 550 650 550 1650 650 1650 550 550 550 1650 550 1650 550 1650 550 550 550 650 550 650 550 1650 550 1650 550 1650 550 650 550 1650 550 1650 550 1650 550 1650 650 550 550 550 550 550 550 1650 550 550 550 550 550 650 550 1650 550 650 550 1650 550 550 550 1650 550 550 550 650 550 1650 550 550 650 1650 550 550 550 1650 550 550 550 1650 550 1650 550 7350 550

20
24E26721
Unknown encoding:24E26721 (32 bits)
Raw (198):6050 7350 550 1650 550 1650 550 1650 550 1650 650 1650 550 1650 550 1650 550 1650 550 550 550 550 550 550 550 650 550 550 550 650 550 650 550 550 550 1650 550 1650 550 1650 550 1650 550 1650 550 1650 550 1650 650 1650 550 650 550 650 550 550 550 550 550 550 550 650 550 550 550 650 550 1650 550 650 550 1650 550 1650 550 1650 550 1650 550 1650 550 1650 550 550 650 1650 550 550 550 650 550 550 550 550 550 650 550 550 550 1650 550 650 550 650 550 1650 650 550 550 650 450 650 550 1650 550 650 550 1650 550 1650 550 650 550 1650 550 1650 550 1650 550 550 550 1650 550 1650 650 550 550 1650 550 1650 550 650 550 1650 550 1650 550 550 550 550 650 1650 550 550 550 650 550 1650 550 550 650 550 550 550 550 1750 550 550 550 1650 650 550 550 1650 550 650 550 550 550 1650 650 550 550 1650 550 650 550 1650 550 550 550 1650 550 1650 550 7350 550

21
A3188C7D
Unknown encoding:A3188C7D (32 bits)
Raw (198):6050 7350 550 1650 550 1650 550 1650 550 1650 550 1650 550 1650 550 1750 550 1650 550 550 650 550 550 550 550 650 550 650 550 650 550 650 550 550 550 1650 550 1650 550 1650 550 1650 550 1650 550 1750 550 1650 550 1650 550 550 550 550 550 650 550 550 550 550 550 650 550 650 550 550 650 1650 550 650 550 1650 550 1650 550 1650 550 1650 550 1650 550 1650 550 550 550 1650 550 550 550 550 550 650 550 550 550 650 550 650 550 1650 550 650 550 650 550 1750 550 650 550 650 550 550 650 1650 550 650 550 1650 550 1650 550 550 550 1650 550 1650 650 1650 550 650 550 650 550 1650 550 650 450 1750 550 1650 550 550 650 1650 550 1650 550 1650 550 650 550 1650 550 550 550 650 550 1650 550 650 550 650 550 650 550 1650 550 650 550 1650 550 550 550 1650 550 550 550 650 550 1650 550 550 550 1650 550 550 550 1650 550 550 550 1650 550 1650 550 7350 550

22
920C1125
Unknown encoding:920C1125 (32 bits)
Raw (198):6150 7350 550 1650 550 1650 650 1650 550 1650 550 1650 550 1650 550 1650 550 1650 550 550 550 650 550 650 550 650 550 550 550 550 550 650 550 550 550 1650 650 1650 550 1650 550 1650 550 1650 550 1650 550 1650 550 1650 550 550 550 550 550 650 550 550 550 650 550 650 550 550 550 550 550 1650 550 550 550 1650 550 1650 550 1650 550 1650 550 1650 550 1650 550 550 550 1650 550 550 550 550 550 650 550 650 550 650 550 550 550 1650 450 650 550 550 550 1650 550 650 550 550 550 550 650 1650 550 550 550 1650 550 1650 550 650 550 1650 550 1650 650 1650 550 550 550 1650 550 650 550 650 550 1650 550 1650 550 650 550 1650 550 1650 550 550 550 1650 550 1650 550 650 550 650 550 1650 550 650 550 650 550 650 550 1650 550 650 550 1650 550 650 550 1650 550 550 550 650 550 1650 550 650 550 1650 550 550 550 1650 550 550 550 1650 550 1650 550 7450 550

23
638A5CB9
Unknown encoding:638A5CB9 (32 bits)
Raw (198):6500 7350 550 1650 550 1650 550 1650 550 1650 550 1650 550 1650 550 1650 550 1650 650 550 550 550 550 550 550 650 550 550 550 650 550 650 550 650 550 1650 550 1650 550 1650 550 1650 550 1650 550 1650 550 1650 550 1650 550 650 550 650 550 550 550 550 550 550 650 550 550 550 550 650 550 1650 550 550 550 1650 550 1650 550 1650 550 1650 550 1650 550 1650 550 650 550 1650 550 650 550 650 550 550 550 550 550 650 550 550 550 1650 650 550 550 550 550 1650 550 550 550 550 550 550 550 1650 550 550 550 1650 550 1650 550 650 550 1650 550 1650 650 1650 550 550 550 650 550 550 550 650 550 1650 550 1650 550 650 550 1650 550 1650 550 1650 550 1650 550 1650 550 650 550 650 550 1650 550 650 550 550 550 550 550 1650 550 650 550 1650 550 650 550 1650 550 650 550 650 550 1650 550 650 550 1650 550 550 550 1650 550 550 550 1650 550 1650 550 7350 550

24
42883DC1
Unknown encoding:42883DC1 (32 bits)
Raw (198):6050 7350 650 1650 550 1650 550 1650 550 1650 550 1650 550 1650 550 1650 550 1650 550 650 550 550 550 550 550 550 650 550 550 650 450 650 550 650 550 1650 550 1650 550 1650 550 1650 550 1650 550 1650 550 1650 550 1650 650 550 550 650 550 650 550 550 550 550 550 650 550 550 550 550 550 1650 550 550 550 1650 550 1650 550 1650 550 1650 550 1650 550 1650 550 550 550 1650 550 650 550 650 550 550 550 550 550 550 550 650 550 1650 550 550 650 550 550 1650 550 650 550 550 550 550 550 1650 550 550 550 1650 550 1650 550 650 550 1650 550 1650 550 1650 550 550 550 1650 550 1650 550 1650 650 550 550 1650 550 650 550 1650 550 1650 550 650 550 550 550 650 550 1650 550 550 650 1650 550 550 550 650 550 550 550 1650 650 550 550 1650 550 650 550 1650 550 650 550 650 550 1650 550 650 550 1650 550 650 550 1650 550 550 550 1750 550 1650 550 7350 550

25
C0BE631D
Unknown encoding:C0BE631D (32 bits)
Raw (198):6050 7350 550 1650 550 1650 550 1650 550 1650 550 1650 550 1650 650 1650 550 1650 550 650 550 550 550 550 650 550 550 550 550 550 550 650 550 650 550 1650 550 1650 550 1650 550 1650 550 1650 550 1650 550 1650 550 1650 550 650 550 650 550 650 550 550 550 650 550 550 550 550 550 550 550 1650 550 550 550 1650 550 1650 550 1650 550 1650 550 1650 550 1650 550 650 550 1650 550 650 550 650 550 550 550 550 550 650 550 550 550 1650 550 550 550 550 550 1650 550 550 550 550 550 550 650 1650 550 550 550 1650 550 1650 550 650 550 1650 550 1750 550 1650 550 550 650 550 550 1650 550 1650 550 650 550 1650 550 650 550 1650 550 1650 550 1650 550 650 550 550 550 1650 550 550 550 1650 550 650 550 550 550 550 550 1650 550 550 550 1650 550 650 550 1650 550 650 550 650 550 1650 550 650 550 1650 550 550 550 1650 550 550 550 1650 550 1650 550 7350 550

26
BB70267D
Unknown encoding:BB70267D (32 bits)
Raw (198):6150 7350 550 1650 550 1650 550 1650 550 1650 550 1650 550 1650 550 1650 550 1650 550 650 550 650 550 550 550 650 550 550 550 550 550 650 550 650 550 1650 550 1650 550 1650 550 1650 550 1650 550 1650 550 1650 550 1650 550 550 550 650 550 650 550 650 550 550 650 550 550 550 550 550 550 1650 550 550 550 1650 550 1650 550 1750 550 1650 550 1650 550 1650 550 650 550 1650 550 550 550 650 550 650 550 650 550 650 550 550 550 1650 550 650 550 550 550 1650 550 650 550 550 550 550 650 1650 550 550 550 1650 550 1650 550 650 550 1650 550 1650 650 1650 550 550 550 1650 550 650 550 1650 550 650 550 1650 550 650 550 1650 550 1650 550 550 550 1650 550 550 550 1650 550 650 550 1650 550 650 550 650 550 650 550 1650 550 650 550 1650 550 650 550 1650 550 550 550 650 550 1650 550 550 650 1650 550 550 550 1650 550 550 550 1650 550 1650 550 7350 550

27
38155621
Unknown encoding:38155621 (32 bits)
Raw (198):6050 7350 650 1650 550 1650 550 1650 550 1650 550 1750 550 1650 550 1650 550 1650 550 550 550 650 550 650 550 650 550 650 550 650 550 650 550 550 550 1650 550 1750 550 1650 550 1650 550 1650 550 1750 550 1650 550 1650 550 650 550 650 550 650 550 650 550 550 550 650 550 550 550 550 550 1650 550 550 550 1650 550 1650 550 1650 550 1650 550 1650 550 1650 550 550 550 1650 550 550 550 550 550 650 550 550 550 650 550 650 550 1650 550 550 550 650 550 1650 550 550 650 550 550 650 450 1750 550 550 550 1650 550 1650 550 550 650 1650 550 1650 550 1650 550 550 550 550 550 650 550 1650 550 650 550 1650 550 550 650 1650 550 1650 550 1650 550 1650 550 650 550 1650 550 650 550 1650 550 550 550 650 550 650 550 1650 550 650 550 1650 550 550 550 1650 550 550 550 650 550 1650 550 550 650 1650 550 650 550 1650 550 650 550 1650 650 1650 550 7350 550

28
272A665D
Unknown encoding:272A665D (32 bits)
Raw (198):6500 7350 550 1650 550 1650 550 1650 550 1650 650 1650 550 1650 550 1650 550 1650 550 650 550 550 550 550 550 650 550 550 550 650 550 650 550 650 550 1650 550 1650 550 1650 650 1650 550 1650 550 1650 550 1650 550 1650 550 550 550 650 550 650 550 550 550 550 650 550 550 550 550 550 550 1650 550 550 550 1650 550 1650 550 1650 550 1650 550 1650 550 1650 550 650 550 1650 550 650 550 650 550 650 550 550 550 650 550 550 550 1650 650 550 550 550 550 1650 550 550 550 550 550 550 550 1650 550 550 550 1650 550 1650 550 650 550 1650 550 1650 650 1650 550 550 550 1650 550 1650 450 650 550 650 550 1650 550 650 550 1650 550 1650 550 550 550 550 550 1650 550 1650 550 650 550 1650 550 650 550 550 550 550 550 1650 550 550 550 1650 550 650 550 1650 550 650 550 650 550 1650 550 650 550 1650 550 550 550 1650 550 550 550 1650 550 1650 550 7350 550

29
A5608BB9
Unknown encoding:A5608BB9 (32 bits)
Raw (198):6150 7250 550 1750 550 1650 550 1650 550 1650 550 1650 550 1650 550 1750 550 1650 550 650 550 550 550 550 550 650 550 550 550 550 550 650 450 650 550 1650 550 1650 550 1650 550 1650 550 1650 550 1650 550 1650 550 1650 550 550 550 550 550 650 550 650 550 650 550 650 550 650 550 550 650 1650 550 650 550 1750 550 1650 550 1650 550 1650 550 1650 650 1650 550 550 650 1650 550 650 550 650 550 550 550 550 550 550 650 550 550 1650 550 650 550 550 550 1650 550 550 650 550 550 550 550 1650 550 550 550 1650 550 1650 550 550 550 1750 550 1650 550 1650 550 650 550 650 550 1650 550 650 550 650 550 1650 550 550 550 1750 550 1650 550 1650 550 650 450 1750 550 1650 550 650 550 1650 550 550 650 550 550 550 550 1650 550 650 550 1650 550 650 550 1650 550 650 550 650 550 1650 550 550 550 1750 550 550 550 1650 550 550 550 1650 550 1650 550 7450 550

30
94541061
Unknown encoding:94541061 (32 bits)
Raw (198):6050 7350 550 1650 550 1650 550 1650 550 1650 550 1650 550 1650 550 1650 550 1650 550 650 550 650 550 550 550 650 550 550 550 550 550 550 650 550 550 1650 550 1650 550 1650 550 1650 550 1650 550 1650 550 1650 550 1750 550 550 550 550 550 650 550 650 550 550 550 650 550 550 550 550 550 1650 550 550 550 1650 550 1650 550 1650 650 1650 550 1650 550 1650 550 550 550 1650 550 550 550 550 550 650 550 650 550 650 550 550 550 1650 550 650 550 550 550 1650 550 650 550 550 550 550 550 1650 550 550 550 1650 550 1650 550 550 550 1650 550 1650 650 1650 550 550 550 1650 550 650 550 650 550 650 550 1650 550 650 550 1650 550 1650 550 650 550 1650 550 1650 550 1650 550 650 550 1650 550 550 550 650 550 650 550 1650 550 650 550 1650 550 550 550 1650 550 550 550 650 550 1650 550 550 550 1650 550 550 550 1650 550 550 550 1650 550 1650 550 7350 650

down:
29
38CB4A9D
Unknown encoding:38CB4A9D (32 bits)
Raw (198):6500 7350 550 1650 550 1650 550 1650 550 1650 550 1650 550 1750 550 1650 550 1650 450 650 550 650 550 650 550 550 550 550 550 550 650 550 550 550 550 1650 550 1650 550 1750 550 1650 550 1650 550 1650 550 1650 550 1650 550 650 550 550 550 550 550 550 550 650 550 550 550 650 550 650 550 650 550 650 550 1650 550 1650 550 1650 550 1650 550 1650 550 1650 550 1650 450 1750 550 550 550 650 550 650 550 650 550 650 550 550 550 1650 550 650 550 650 650 1650 550 650 550 650 550 650 550 1650 550 650 550 1650 550 1650 550 550 550 1650 650 1650 550 1650 550 650 550 550 550 1650 650 550 650 550 550 1650 550 550 550 1650 550 1650 550 1650 550 650 550 1650 550 1650 550 650 550 1650 550 650 450 650 550 650 550 1650 550 650 550 1750 550 550 550 1650 650 550 550 550 550 1650 550 550 550 1650 550 650 550 1650 550 650 550 1650 550 1650 650 7350 550

28
BA952541
Unknown encoding:BA952541 (32 bits)
Raw (198):6050 7350 650 1650 550 1650 550 1650 550 1650 550 1750 550 1650 550 1650 550 1750 550 550 550 650 550 650 550 650 550 650 550 650 550 650 550 550 550 1650 550 1750 550 1650 550 1650 550 1650 550 1650 550 1650 550 1650 550 650 550 650 550 650 550 650 550 550 550 650 550 550 550 550 550 650 550 550 550 1650 550 1650 550 1650 550 1650 550 1650 550 1650 550 1650 550 1650 550 550 550 550 550 650 550 550 550 550 550 650 450 1750 550 550 550 650 550 1650 550 650 550 550 550 550 550 1750 550 550 550 1650 550 1650 550 650 550 1650 550 1650 550 1650 550 650 550 1650 550 1750 550 550 550 650 550 1650 550 550 650 1650 550 1650 550 650 550 650 550 1650 550 1750 550 550 550 1650 550 550 550 550 650 550 550 1650 550 650 550 1650 550 650 550 1650 550 650 550 650 550 1650 550 650 550 1750 550 550 550 1650 550 550 550 1650 550 1650 550 7350 550

27
CB801505
Unknown encoding:CB801505 (32 bits)
Raw (198):6500 7350 550 1650 550 1650 550 1650 550 1650 550 1650 550 1650 550 1650 550 1650 550 550 550 550 550 650 550 650 550 650 550 550 550 550 550 650 550 1650 550 1650 550 1650 550 1650 550 1650 550 1650 550 1650 550 1650 550 650 550 650 550 550 550 650 550 550 550 550 550 650 550 550 550 550 550 650 550 1650 550 1650 550 1650 550 1650 650 1650 550 1650 550 1650 550 1650 650 550 550 550 550 550 550 650 550 550 550 650 550 1650 550 550 550 550 550 1650 550 550 550 650 550 550 550 1650 650 550 550 1650 650 1650 550 650 550 1650 650 1650 550 1650 550 650 550 550 550 650 550 1650 550 550 650 1650 550 650 550 1650 650 1650 550 1650 550 1650 550 550 550 1650 550 550 550 1650 550 550 550 550 550 650 550 1650 550 550 650 1650 550 550 550 1650 550 650 550 650 550 1650 550 550 550 1650 650 550 550 1650 650 550 550 1650 550 1650 550 7350 550

26
4EDAE561
Unknown encoding:4EDAE561 (32 bits)
Raw (198):6050 7350 550 1650 550 1650 650 1650 550 1650 550 1650 550 1650 550 1750 550 1650 550 650 550 550 550 550 550 550 550 650 550 550 550 650 550 650 550 1650 550 1650 550 1650 550 1650 550 1650 550 1650 550 1650 550 1650 550 550 550 550 550 550 550 650 550 650 550 650 550 550 550 550 550 650 550 550 550 1650 550 1650 550 1650 550 1650 550 1650 550 1650 550 1650 550 1650 550 650 550 550 650 550 550 550 550 550 550 650 550 1650 550 650 550 550 550 1650 550 650 550 550 550 550 550 1650 550 550 550 1650 550 1650 550 550 550 1650 550 1650 650 1650 550 650 550 1650 650 550 550 1650 550 650 550 1650 550 650 550 1650 550 1650 550 650 550 1650 550 650 550 1650 550 550 650 1650 550 550 550 650 550 550 550 1650 650 550 550 1650 550 650 550 1650 550 650 550 650 550 1650 550 550 550 1650 550 550 550 1650 550 550 550 1650 550 1650 550 7350 650

25
54292201
Unknown encoding:54292201 (32 bits)
Raw (198):6500 7350 550 1650 550 1650 550 1650 550 1650 550 1650 550 1650 650 1650 550 1650 550 650 550 650 550 650 550 650 550 550 550 550 650 550 550 550 550 1650 550 1650 550 1650 650 1650 550 1650 550 1650 550 1650 650 1650 550 650 550 650 550 550 550 550 550 550 650 550 550 550 550 550 550 650 550 650 550 1750 550 1650 550 1650 550 1650 550 1650 550 1650 550 1650 550 1650 550 550 550 650 550 550 550 550 550 650 550 650 550 1650 550 650 550 650 550 1750 550 550 550 550 550 550 550 1650 550 550 550 1650 550 1650 550 650 550 1650 550 1750 550 1650 550 550 650 550 550 1650 550 1650 550 650 550 1650 650 550 550 1650 550 1650 550 1650 550 550 550 650 550 1650 550 650 550 1650 550 550 650 550 550 550 550 1650 550 550 550 1650 550 550 550 1650 550 650 550 550 550 1650 550 650 550 1650 550 550 550 1650 550 550 550 1650 550 1650 550 7350 550

24
D5F2FCA5
Unknown encoding:D5F2FCA5 (32 bits)
Raw (198):6050 7350 650 1650 550 1650 550 1650 550 1650 550 1650 550 1650 550 1650 550 1650 550 550 550 650 550 550 550 650 550 650 550 650 550 650 550 550 550 1650 450 1750 550 1650 550 1650 550 1650 550 1650 550 1650 550 1650 650 550 550 650 550 650 550 650 550 550 550 650 550 550 550 550 550 550 650 550 550 1650 550 1650 550 1650 550 1650 550 1650 550 1650 550 1650 550 1650 550 550 550 550 550 650 550 550 550 550 550 650 550 1650 550 550 650 550 550 1650 550 650 550 550 550 550 550 1650 550 550 550 1650 550 1650 550 650 550 1650 550 1650 550 1650 550 650 550 1650 550 1650 550 1650 550 650 550 1650 550 650 550 1650 550 1650 550 550 550 550 550 550 650 1650 550 550 550 1650 550 550 550 650 550 550 550 1650 650 550 550 1650 550 650 550 1650 550 650 550 650 550 1650 550 550 550 1650 550 550 550 1650 550 550 550 1650 550 1650 550 7350 650

23
F6F51B9D
Unknown encoding:F6F51B9D (32 bits)
Raw (198):6050 7350 550 1650 550 1650 550 1650 550 1650 550 1650 550 1650 550 1650 550 1650 550 550 550 550 650 550 550 550 550 550 550 650 550 550 550 650 550 1650 550 1650 650 1650 550 1650 550 1650 550 1650 550 1750 550 1650 550 550 650 550 550 550 550 550 550 650 550 650 550 650 550 650 550 650 550 650 550 1650 550 1650 550 1650 550 1650 550 1650 550 1650 550 1650 550 1650 550 550 550 650 550 650 550 650 550 550 550 550 550 1650 550 650 550 550 650 1650 550 650 550 650 550 550 550 1650 550 650 550 1650 550 1650 550 550 550 1650 550 1650 550 1650 550 650 550 550 550 650 550 650 550 1650 550 1650 550 550 550 1650 550 1650 550 1650 550 1650 550 1650 550 550 550 650 550 1650 550 650 550 650 550 650 550 1650 550 550 550 1650 550 550 550 1650 550 550 550 550 550 1650 550 550 550 1650 550 650 550 1650 550 550 550 1650 550 1650 550 7350 550

22
2576D509
Unknown encoding:2576D509 (32 bits)
Raw (198):6500 7350 550 1650 550 1750 550 1650 550 1650 550 1650 550 1650 550 1650 550 1650 650 550 550 550 550 650 550 650 550 650 550 650 550 650 550 550 550 1650 550 1650 550 1650 550 1650 550 1650 550 1650 550 1650 550 1650 550 650 550 550 550 650 550 650 550 650 550 550 550 550 550 650 550 550 550 550 550 1650 550 1650 550 1650 650 1650 550 1650 550 1650 550 1750 550 1650 550 550 650 550 550 550 550 550 550 650 550 550 550 1750 550 550 550 550 550 1650 550 550 550 550 550 650 550 1650 550 550 650 1650 550 1750 450 650 550 1650 550 1650 550 1650 550 650 550 1650 550 550 550 650 550 1650 550 1650 550 550 550 1650 550 1650 550 550 550 1750 550 1650 550 550 650 550 550 1650 550 650 550 550 550 550 550 1650 550 650 550 1650 550 650 550 1650 550 650 450 650 550 1650 550 650 550 1650 550 650 550 1650 550 550 650 1650 550 1650 550 7350 550

21
36834B61
Unknown encoding:36834B61 (32 bits)
Raw (198):6050 7350 650 1650 550 1650 550 1650 550 1650 550 1650 550 1650 550 1650 550 1650 550 650 550 650 550 650 550 650 550 550 550 550 550 650 550 550 550 1650 650 1650 550 1650 550 1650 550 1650 550 1750 550 1650 550 1650 550 650 550 550 550 650 550 550 550 550 550 650 550 550 550 650 550 550 550 650 550 1650 550 1650 550 1650 550 1650 550 1650 550 1650 550 1650 550 1650 550 550 550 550 550 650 550 550 550 650 550 650 550 1650 550 550 550 650 550 1650 550 650 550 550 550 650 550 1650 650 550 550 1650 550 1650 550 650 550 1650 550 1650 550 1650 550 650 550 650 550 1650 550 650 550 1650 550 1650 550 650 550 1650 550 1650 550 1650 550 550 550 1650 550 550 550 550 550 1650 550 550 550 650 550 550 550 1650 650 550 550 1650 550 650 550 1650 550 650 550 650 550 1650 550 550 550 1750 550 550 550 1650 550 550 550 1650 550 1650 550 7350 550

20
B84D2605
Unknown encoding:B84D2605 (32 bits)
Raw (198):6050 7350 550 1650 550 1650 550 1650 550 1650 550 1650 550 1750 550 1650 550 1650 550 650 550 550 550 650 550 550 550 550 550 650 550 550 550 550 550 1650 550 1650 550 1650 550 1650 550 1650 550 1650 550 1650 650 1650 550 550 650 550 550 550 550 550 550 650 550 550 550 650 550 650 550 650 550 650 650 1650 550 1650 550 1650 550 1650 550 1650 550 1650 550 1650 550 1650 550 550 550 650 550 650 550 650 550 650 550 650 550 1650 550 650 550 650 550 1750 550 650 550 650 550 650 550 1650 550 650 550 1650 550 1650 550 550 550 1650 550 1650 550 1650 550 650 550 1650 550 1650 550 650 550 1650 550 1650 550 550 550 1650 550 1650 550 550 550 650 550 1650 550 550 550 650 550 1650 550 650 550 550 550 550 550 1650 550 550 550 1650 550 550 550 1650 550 650 550 650 550 1650 550 650 550 1650 550 650 550 1650 550 550 550 1650 550 1650 550 7350 550

19
D152D401
Unknown encoding:D152D401 (32 bits)
Raw (198):6050 7350 550 1650 550 1650 550 1650 550 1650 550 1650 550 1650 550 1650 550 1650 550 550 550 550 550 550 650 550 550 650 550 650 550 650 550 650 550 1650 550 1650 550 1650 550 1650 550 1750 550 1650 550 1650 550 1650 550 550 550 650 550 550 550 550 550 650 550 650 550 650 550 650 550 550 550 550 550 1650 550 1650 550 1750 550 1650 550 1750 550 1650 550 1650 550 1650 550 650 550 650 550 650 550 650 550 550 550 550 550 1650 550 650 550 550 550 1650 550 650 550 650 550 650 550 1650 550 650 550 1650 550 1650 650 550 550 1650 550 1650 550 1650 550 550 650 550 550 550 550 1750 550 1650 550 1650 550 650 550 1650 550 1650 550 1650 550 1650 550 550 550 650 550 650 550 1650 550 650 550 550 550 650 550 1650 550 550 550 1650 550 550 550 1650 550 650 550 550 550 1650 550 650 550 1750 550 550 550 1650 550 550 550 1650 550 1650 550 7350 550

18
CFC8FDA5
Unknown encoding:CFC8FDA5 (32 bits)
Raw (198):6050 7350 550 1650 650 1650 550 1650 550 1650 550 1650 450 1750 550 1650 550 1650 550 650 550 550 650 550 550 550 550 550 550 650 550 550 550 550 550 1750 550 1650 650 1650 550 1650 550 1650 550 1650 550 1750 550 1650 550 650 550 550 550 550 550 550 650 550 550 550 550 550 550 650 550 650 550 650 550 1650 550 1650 650 1650 550 1650 550 1750 550 1650 550 1650 550 1650 550 650 550 550 550 550 550 550 550 650 550 650 550 1750 550 650 550 650 550 1750 550 550 550 550 550 650 550 1650 550 650 550 1650 550 1650 550 650 550 1650 550 1650 550 1650 550 550 650 1650 550 650 550 1650 550 1650 650 1650 550 650 550 1650 550 1650 550 550 650 1650 550 550 550 650 550 550 550 1650 550 550 550 550 550 550 550 1650 550 550 550 1650 550 650 550 1650 550 650 550 650 550 1750 550 550 550 1650 650 550 550 1650 550 650 550 1650 550 1650 550 7350 550

17
1542D3EE
Unknown encoding:1542D3EE (32 bits)
Raw (198):6050 7350 550 1650 650 1650 550 1650 550 1650 550 1650 550 1650 550 1650 550 1650 550 550 550 550 650 550 550 550 550 550 550 650 550 650 550 650 550 1650 550 1650 650 1650 550 1650 550 1650 550 1650 550 1750 550 1650 550 650 550 550 550 550 550 550 550 650 550 650 550 650 550 650 550 550 550 650 550 1650 550 1650 550 1650 550 1650 550 1650 550 1650 550 1650 550 1650 550 650 450 650 550 650 550 650 550 550 550 550 550 1650 550 650 550 650 550 1650 550 650 450 650 650 550 550 1650 550 650 550 1650 550 1650 550 550 550 1650 550 1650 550 1650 650 550 550 550 550 1650 550 1650 550 1650 550 1650 550 550 550 1650 550 1650 550 1750 550 550 550 550 550 650 450 650 550 1650 650 550 550 650 550 650 550 1650 550 550 550 1650 550 550 550 1650 550 550 550 550 550 1650 550 650 550 1650 550 650 550 1650 550 650 550 1650 550 1650 550 7350 550

16
DBC5BBA1
Unknown encoding:DBC5BBA1 (32 bits)
Raw (198):6050 7350 550 1650 550 1650 550 1650 650 1650 550 1650 550 1650 550 1650 650 1650 550 650 550 650 550 550 550 550 550 650 550 550 550 550 550 550 550 1650 550 1650 550 1650 550 1650 650 1650 550 1650 550 1750 550 1650 550 650 550 550 550 550 550 650 550 550 550 550 550 650 450 650 550 650 550 650 550 1650 550 1750 550 1650 550 1650 550 1750 550 1650 550 1650 550 1650 550 650 550 550 550 650 550 650 550 650 550 650 550 1650 550 650 450 650 550 1650 550 550 550 650 550 650 550 1650 550 650 550 1650 550 1650 550 550 550 1650 550 1650 550 1650 550 550 550 1650 550 1650 550 1650 550 1650 550 1650 550 650 550 1650 550 1650 550 550 550 550 550 550 550 650 550 650 550 1750 550 550 550 550 550 650 450 1750 550 550 550 1650 550 550 550 1650 550 650 550 550 650 1650 550 650 550 1750 550 650 550 1650 650 550 550 1650 550 1650 550 7350 550 

const unsigned int higher[198] PROGMEM={{6500 7350 550 1650 550 1650 550 1650 550 1650 550 1650 550 1650 550 1650 550 1650 550 650 550 650 550 550 550 650 550 550 550 550 550 550 550 650 550 1650 550 1650 550 1650 550 1650 550 1650 550 1650 550 1650 550 1750 550 550 550 650 550 650 550 650 550 550 550 650 550 550 550 550 550 1650 550 550 550 1650 550 1650 550 1650 550 1750 550 1650 550 1650 550 650 550 1750 550 550 550 650 550 650 550 650 550 550 650 550 550 1650 550 650 550 550 550 1650 650 550 550 550 550 550 550 1750 550 550 550 1650 550 1650 550 650 550 1650 550 1650 550 1650 550 550 550 550 550 1650 550 1650 550 1650 550 1650 550 650 550 1650 550 1650 550 1650 550 650 550 650 550 650 550 550 650 1650 550 550 550 650 550 550 550 1650 650 550 550 1650 550 650 550 1650 550 650 550 650 550 1650 550 650 550 1650 550 650 550 1750 550 550 550 1650 650 1650 550 7350 550} 
/*{6050 7350 550 1650 550 1750 550 1650 550 1650 550 1650 550 1650 550 1650 550 1650 550 650 550 650 550 650 550 550 550 550 550 550 550 650 550 650 550 1750 550 1650 550 1650 550 1650 550 1650 650 1650 550 1650 550 1650 550 550 550 650 550 650 550 550 550 650 550 550 550 550 550 550 550 1650 550 550 550 1650 550 1650 550 1650 550 1650 550 1650 550 1650 450 650 550 1650 550 650 550 650 550 650 550 550 650 550 550 550 550 1650 550 550 550 550 550 1650 550 550 550 550 550 650 550 1650 550 550 550 1650 550 1650 550 650 550 1650 550 1750 550 1650 550 550 650 1650 550 550 550 1650 650 1650 550 1750 550 550 550 1650 550 1650 550 550 550 1650 550 650 550 650 550 550 550 1650 550 650 550 550 550 550 550 1650 550 550 550 1650 550 650 550 1650 550 650 550 650 550 1650 550 650 550 1750 550 550 550 1650 550 550 550 1650 550 1650 650 7250 550} 
{6050 7250 550 1650 550 1650 650 1650 550 1650 550 1650 550 1650 550 1650 550 1650 550 550 650 550 550 550 550 650 550 650 550 650 550 650 550 550 550 1650 550 1650 550 1650 550 1650 550 1650 550 1650 550 1650 550 1650 550 550 550 550 550 650 550 550 550 650 550 650 550 650 550 550 550 1650 550 650 550 1650 550 1650 550 1650 550 1650 550 1650 550 1650 550 550 550 1650 550 550 550 550 550 650 550 550 550 650 550 650 550 1650 550 550 550 650 550 1650 550 550 550 650 550 650 550 1650 550 650 550 1650 650 1650 550 550 550 1650 550 1650 550 1650 550 550 550 650 550 650 550 1650 550 1650 550 1650 550 650 550 1650 550 1650 550 1650 550 1650 650 550 550 550 550 550 550 1650 550 550 550 550 550 650 550 1650 550 650 550 1650 550 550 550 1650 550 550 550 650 550 1650 550 550 650 1650 550 550 550 1650 550 550 550 1650 550 1650 550 7350 550} 
{6050 7350 550 1650 550 1650 550 1650 550 1650 650 1650 550 1650 550 1650 550 1650 550 550 550 550 550 550 550 650 550 550 550 650 550 650 550 550 550 1650 550 1650 550 1650 550 1650 550 1650 550 1650 550 1650 650 1650 550 650 550 650 550 550 550 550 550 550 550 650 550 550 550 650 550 1650 550 650 550 1650 550 1650 550 1650 550 1650 550 1650 550 1650 550 550 650 1650 550 550 550 650 550 550 550 550 550 650 550 550 550 1650 550 650 550 650 550 1650 650 550 550 650 450 650 550 1650 550 650 550 1650 550 1650 550 650 550 1650 550 1650 550 1650 550 550 550 1650 550 1650 650 550 550 1650 550 1650 550 650 550 1650 550 1650 550 550 550 550 650 1650 550 550 550 650 550 1650 550 550 650 550 550 550 550 1750 550 550 550 1650 650 550 550 1650 550 650 550 550 550 1650 650 550 550 1650 550 650 550 1650 550 550 550 1650 550 1650 550 7350 550} 
{6050 7350 550 1650 550 1650 550 1650 550 1650 550 1650 550 1650 550 1750 550 1650 550 550 650 550 550 550 550 650 550 650 550 650 550 650 550 550 550 1650 550 1650 550 1650 550 1650 550 1650 550 1750 550 1650 550 1650 550 550 550 550 550 650 550 550 550 550 550 650 550 650 550 550 650 1650 550 650 550 1650 550 1650 550 1650 550 1650 550 1650 550 1650 550 550 550 1650 550 550 550 550 550 650 550 550 550 650 550 650 550 1650 550 650 550 650 550 1750 550 650 550 650 550 550 650 1650 550 650 550 1650 550 1650 550 550 550 1650 550 1650 650 1650 550 650 550 650 550 1650 550 650 450 1750 550 1650 550 550 650 1650 550 1650 550 1650 550 650 550 1650 550 550 550 650 550 1650 550 650 550 650 550 650 550 1650 550 650 550 1650 550 550 550 1650 550 550 550 650 550 1650 550 550 550 1650 550 550 550 1650 550 550 550 1650 550 1650 550 7350 550} 
{6150 7350 550 1650 550 1650 650 1650 550 1650 550 1650 550 1650 550 1650 550 1650 550 550 550 650 550 650 550 650 550 550 550 550 550 650 550 550 550 1650 650 1650 550 1650 550 1650 550 1650 550 1650 550 1650 550 1650 550 550 550 550 550 650 550 550 550 650 550 650 550 550 550 550 550 1650 550 550 550 1650 550 1650 550 1650 550 1650 550 1650 550 1650 550 550 550 1650 550 550 550 550 550 650 550 650 550 650 550 550 550 1650 450 650 550 550 550 1650 550 650 550 550 550 550 650 1650 550 550 550 1650 550 1650 550 650 550 1650 550 1650 650 1650 550 550 550 1650 550 650 550 650 550 1650 550 1650 550 650 550 1650 550 1650 550 550 550 1650 550 1650 550 650 550 650 550 1650 550 650 550 650 550 650 550 1650 550 650 550 1650 550 650 550 1650 550 550 550 650 550 1650 550 650 550 1650 550 550 550 1650 550 550 550 1650 550 1650 550 7450 550} 
{6500 7350 550 1650 550 1650 550 1650 550 1650 550 1650 550 1650 550 1650 550 1650 650 550 550 550 550 550 550 650 550 550 550 650 550 650 550 650 550 1650 550 1650 550 1650 550 1650 550 1650 550 1650 550 1650 550 1650 550 650 550 650 550 550 550 550 550 550 650 550 550 550 550 650 550 1650 550 550 550 1650 550 1650 550 1650 550 1650 550 1650 550 1650 550 650 550 1650 550 650 550 650 550 550 550 550 550 650 550 550 550 1650 650 550 550 550 550 1650 550 550 550 550 550 550 550 1650 550 550 550 1650 550 1650 550 650 550 1650 550 1650 650 1650 550 550 550 650 550 550 550 650 550 1650 550 1650 550 650 550 1650 550 1650 550 1650 550 1650 550 1650 550 650 550 650 550 1650 550 650 550 550 550 550 550 1650 550 650 550 1650 550 650 550 1650 550 650 550 650 550 1650 550 650 550 1650 550 550 550 1650 550 550 550 1650 550 1650 550 7350 550} 
{6050 7350 650 1650 550 1650 550 1650 550 1650 550 1650 550 1650 550 1650 550 1650 550 650 550 550 550 550 550 550 650 550 550 650 450 650 550 650 550 1650 550 1650 550 1650 550 1650 550 1650 550 1650 550 1650 550 1650 650 550 550 650 550 650 550 550 550 550 550 650 550 550 550 550 550 1650 550 550 550 1650 550 1650 550 1650 550 1650 550 1650 550 1650 550 550 550 1650 550 650 550 650 550 550 550 550 550 550 550 650 550 1650 550 550 650 550 550 1650 550 650 550 550 550 550 550 1650 550 550 550 1650 550 1650 550 650 550 1650 550 1650 550 1650 550 550 550 1650 550 1650 550 1650 650 550 550 1650 550 650 550 1650 550 1650 550 650 550 550 550 650 550 1650 550 550 650 1650 550 550 550 650 550 550 550 1650 650 550 550 1650 550 650 550 1650 550 650 550 650 550 1650 550 650 550 1650 550 650 550 1650 550 550 550 1750 550 1650 550 7350 550} 
{6050 7350 550 1650 550 1650 550 1650 550 1650 550 1650 550 1650 650 1650 550 1650 550 650 550 550 550 550 650 550 550 550 550 550 550 650 550 650 550 1650 550 1650 550 1650 550 1650 550 1650 550 1650 550 1650 550 1650 550 650 550 650 550 650 550 550 550 650 550 550 550 550 550 550 550 1650 550 550 550 1650 550 1650 550 1650 550 1650 550 1650 550 1650 550 650 550 1650 550 650 550 650 550 550 550 550 550 650 550 550 550 1650 550 550 550 550 550 1650 550 550 550 550 550 550 650 1650 550 550 550 1650 550 1650 550 650 550 1650 550 1750 550 1650 550 550 650 550 550 1650 550 1650 550 650 550 1650 550 650 550 1650 550 1650 550 1650 550 650 550 550 550 1650 550 550 550 1650 550 650 550 550 550 550 550 1650 550 550 550 1650 550 650 550 1650 550 650 550 650 550 1650 550 650 550 1650 550 550 550 1650 550 550 550 1650 550 1650 550 7350 550} 
{6150 7350 550 1650 550 1650 550 1650 550 1650 550 1650 550 1650 550 1650 550 1650 550 650 550 650 550 550 550 650 550 550 550 550 550 650 550 650 550 1650 550 1650 550 1650 550 1650 550 1650 550 1650 550 1650 550 1650 550 550 550 650 550 650 550 650 550 550 650 550 550 550 550 550 550 1650 550 550 550 1650 550 1650 550 1750 550 1650 550 1650 550 1650 550 650 550 1650 550 550 550 650 550 650 550 650 550 650 550 550 550 1650 550 650 550 550 550 1650 550 650 550 550 550 550 650 1650 550 550 550 1650 550 1650 550 650 550 1650 550 1650 650 1650 550 550 550 1650 550 650 550 1650 550 650 550 1650 550 650 550 1650 550 1650 550 550 550 1650 550 550 550 1650 550 650 550 1650 550 650 550 650 550 650 550 1650 550 650 550 1650 550 650 550 1650 550 550 550 650 550 1650 550 550 650 1650 550 550 550 1650 550 550 550 1650 550 1650 550 7350 550} 
{6050 7350 650 1650 550 1650 550 1650 550 1650 550 1750 550 1650 550 1650 550 1650 550 550 550 650 550 650 550 650 550 650 550 650 550 650 550 550 550 1650 550 1750 550 1650 550 1650 550 1650 550 1750 550 1650 550 1650 550 650 550 650 550 650 550 650 550 550 550 650 550 550 550 550 550 1650 550 550 550 1650 550 1650 550 1650 550 1650 550 1650 550 1650 550 550 550 1650 550 550 550 550 550 650 550 550 550 650 550 650 550 1650 550 550 550 650 550 1650 550 550 650 550 550 650 450 1750 550 550 550 1650 550 1650 550 550 650 1650 550 1650 550 1650 550 550 550 550 550 650 550 1650 550 650 550 1650 550 550 650 1650 550 1650 550 1650 550 1650 550 650 550 1650 550 650 550 1650 550 550 550 650 550 650 550 1650 550 650 550 1650 550 550 550 1650 550 550 550 650 550 1650 550 550 650 1650 550 650 550 1650 550 650 550 1650 650 1650 550 7350 550} 
{6500 7350 550 1650 550 1650 550 1650 550 1650 650 1650 550 1650 550 1650 550 1650 550 650 550 550 550 550 550 650 550 550 550 650 550 650 550 650 550 1650 550 1650 550 1650 650 1650 550 1650 550 1650 550 1650 550 1650 550 550 550 650 550 650 550 550 550 550 650 550 550 550 550 550 550 1650 550 550 550 1650 550 1650 550 1650 550 1650 550 1650 550 1650 550 650 550 1650 550 650 550 650 550 650 550 550 550 650 550 550 550 1650 650 550 550 550 550 1650 550 550 550 550 550 550 550 1650 550 550 550 1650 550 1650 550 650 550 1650 550 1650 650 1650 550 550 550 1650 550 1650 450 650 550 650 550 1650 550 650 550 1650 550 1650 550 550 550 550 550 1650 550 1650 550 650 550 1650 550 650 550 550 550 550 550 1650 550 550 550 1650 550 650 550 1650 550 650 550 650 550 1650 550 650 550 1650 550 550 550 1650 550 550 550 1650 550 1650 550 7350 550} 
{6150 7250 550 1750 550 1650 550 1650 550 1650 550 1650 550 1650 550 1750 550 1650 550 650 550 550 550 550 550 650 550 550 550 550 550 650 450 650 550 1650 550 1650 550 1650 550 1650 550 1650 550 1650 550 1650 550 1650 550 550 550 550 550 650 550 650 550 650 550 650 550 650 550 550 650 1650 550 650 550 1750 550 1650 550 1650 550 1650 550 1650 650 1650 550 550 650 1650 550 650 550 650 550 550 550 550 550 550 650 550 550 1650 550 650 550 550 550 1650 550 550 650 550 550 550 550 1650 550 550 550 1650 550 1650 550 550 550 1750 550 1650 550 1650 550 650 550 650 550 1650 550 650 550 650 550 1650 550 550 550 1750 550 1650 550 1650 550 650 450 1750 550 1650 550 650 550 1650 550 550 650 550 550 550 550 1650 550 650 550 1650 550 650 550 1650 550 650 550 650 550 1650 550 550 550 1750 550 550 550 1650 550 550 550 1650 550 1650 550 7450 550} 
{6050 7350 550 1650 550 1650 550 1650 550 1650 550 1650 550 1650 550 1650 550 1650 550 650 550 650 550 550 550 650 550 550 550 550 550 550 650 550 550 1650 550 1650 550 1650 550 1650 550 1650 550 1650 550 1650 550 1750 550 550 550 550 550 650 550 650 550 550 550 650 550 550 550 550 550 1650 550 550 550 1650 550 1650 550 1650 650 1650 550 1650 550 1650 550 550 550 1650 550 550 550 550 550 650 550 650 550 650 550 550 550 1650 550 650 550 550 550 1650 550 650 550 550 550 550 550 1650 550 550 550 1650 550 1650 550 550 550 1650 550 1650 650 1650 550 550 550 1650 550 650 550 650 550 650 550 1650 550 650 550 1650 550 1650 550 650 550 1650 550 1650 550 1650 550 650 550 1650 550 550 550 650 550 650 550 1650 550 650 550 1650 550 550 550 1650 550 550 550 650 550 1650 550 550 550 1650 550 550 550 1650 550 550 550 1650 550 1650 550 7350 650}};